209 600 395 575
395 575 423 611
395 575 413 531
413 531 426 486
426 486 456 458
456 458 491 464
491 464 520 429
520 429 529 426
529 426 531 412
529 426 550 445
550 445 612 474
612 474 644 475
644 475 673 491
673 491 667 528
667 528 696 548
667 528 630 542
696 548 739 564
739 564 740 574
739 564 755 552
755 552 753 540
755 552 785 560
785 560 795 563
795 563 801 559
801 559 842 576
842 576 872 589
872 589 888 594
888 594 892 605
888 594 909 575
909 575 928 575
928 575 941 562
941 562 930 535
941 562 976 567
930 535 919 534
930 535 946 516
946 516 956 508
892 605 904 615
904 615 903 636
904 615 911 613
903 636 881 647
903 636 931 652
753 540 756 501
756 501 755 487
755 487 737 478
755 487 806 457
806 457 821 416
821 416 842 412
821 416 787 375
842 412 867 386
867 386 856 362
867 386 906 396
906 396 943 401
943 401 953 411
856 362 860 343
860 343 883 312
883 312 908 313
883 312 870 282
870 282 872 257
872 257 896 246
872 257 811 216
740 574 757 627
757 627 748 637
757 627 808 654
748 637 699 667
699 667 691 667
691 667 685 679
691 667 683 655
683 655 640 663
640 663 623 646
623 646 614 648
623 646 633 625
633 625 628 618
633 625 652 623
628 618 622 608
614 648 560 731
685 679 699 706
699 706 691 723
699 706 755 709
531 412 533 406
533 406 537 406
533 406 514 385
514 385 488 392
514 385 525 349
525 349 526 322
526 322 533 307
533 307 551 295
551 295 550 291
551 295 565 300
565 300 583 324
583 324 602 352
602 352 623 364
623 364 652 370
652 370 661 364
661 364 681 374
661 364 660 340
660 340 670 329
670 329 671 320
671 320 681 309
671 320 635 307
635 307 628 304
628 304 639 283
639 283 638 281
639 283 646 282
638 281 628 242
628 242 643 230
643 230 636 201
643 230 673 239
681 309 711 284
711 284 717 286
711 284 709 261
681 374 692 371
692 371 698 375
692 371 697 348
698 375 709 398
550 291 516 240
516 240 499 236
516 240 553 190
488 392 460 370
460 370 461 362
460 370 450 374
450 374 391 395
391 395 226 334
461 362 459 357
459 357 467 346
467 346 462 307
537 406 549 408
423 611 482 623
482 623 513 583
513 583 532 570
532 570 532 543
