628 242
638 281
639 283
632 303
635 307
668 320
670 329
660 340
661 364
681 374
692 371
697 348
698 375
709 398
652 370
623 364
602 352
583 324
565 300
551 295
533 307
526 322
525 349
514 385
533 406
531 412
529 426
550 445
612 474
644 475
673 491
667 528
630 542
696 548
739 564
756 551
785 560
795 563
801 559
842 576
872 589
888 594
909 575
928 575
941 562
976 567
930 535
946 516
956 508
919 534
892 605
905 615
903 636
931 652
881 647
911 613
753 540
756 501
755 487
806 457
821 416
787 375
842 412
867 386
906 396
943 401
953 411
856 362
860 343
883 312
870 282
872 257
811 216
896 246
908 313
737 478
740 574
757 627
808 654
748 637
699 667
691 667
683 655
640 663
623 646
633 625
652 623
628 618
622 608
614 648
560 731
685 679
699 706
755 709
691 723
520 429
491 464
456 458
426 486
413 531
395 575
209 600
423 611
482 623
513 583
532 570
532 543
537 406
549 408
488 392
460 370
450 374
391 395
226 334
461 362
459 357
467 346
462 307
550 291
516 240
553 190
499 236
681 309
711 284
709 261
717 286
628 304
646 282
643 230
673 239
636 201
