209 600
395 575
413 531
426 486
456 458
491 464
520 429
529 426
550 445
612 474
644 475
673 491
667 528
630 542
696 548
739 564
756 551
785 560
795 563
801 559
842 576
872 589
888 594
909 575
928 575
941 562
976 567
930 535
946 516
956 508
919 534
892 605
905 615
903 636
931 652
881 647
911 613
753 540
756 501
755 487
806 457
821 416
787 375
842 412
867 386
906 396
943 401
953 411
856 362
860 343
883 312
870 282
872 257
811 216
896 246
908 313
737 478
740 574
757 627
808 654
748 637
699 667
691 667
683 655
640 663
623 646
633 625
652 623
628 618
622 608
614 648
560 731
685 679
699 706
755 709
691 723
531 412
533 406
514 385
525 349
526 322
533 307
551 295
565 300
583 324
602 352
623 364
652 370
661 364
660 340
670 329
668 320
635 307
632 303
639 283
646 282
638 281
628 242
643 230
673 239
636 201
628 304
681 309
711 284
709 261
717 286
681 374
692 371
697 348
698 375
709 398
550 291
522 240
553 190
516 240
499 236
488 392
460 370
450 374
391 395
226 334
461 362
459 357
467 346
462 307
537 406
549 408
423 611
482 623
513 583
532 570
532 543
